Mean k-fold for training sets with shuffle = True
[
0.96485714285714275, 
0.96500000000000008, 
0.96699999999999997, 
0.96414285714285719, 
0.9634285714285713, 
0.96242857142857141, 
0.95871428571428563, 
0.95742857142857152, 
0.95514285714285696, 
0.95542857142857152, 
0.95428571428571429, 
0.95214285714285718, 
0.95099999999999996, 
0.95285714285714262, 
0.95185714285714274
]

test
[0.95425000000000004, 
0.95224999999999993, 
0.95399999999999996, 
0.95125000000000015, 
0.95124999999999993, 
0.95325000000000004, 
0.94799999999999984, 
0.94924999999999993, 
0.94725000000000004, 
0.94599999999999995, 
0.94225000000000014, 
0.94049999999999989, 
0.93674999999999997, 
0.93725000000000003, 
0.93724999999999992]